,0.00,0,6,0
10537,2160,2160,5.33,5.33,0,8.91,0.00,0.00,0,0,0
10625,648,648,5.33,5.33,0,8.91,0.00,0.00,0,0,0
10659,1188,1188,5.33,5.33,0,8.91,0.00,0.00,0,0,0
10666,1188,1188,5.33,5.33,0,8.91,0.00,0.00,0,0,0
10737,2160,2160,6.58,6.58,0,8.91,0.00,0.00,0,0,0
10885,1620,1620,6.58,6.58,0,8.91,0.00,0.00,0,1,1
11326,1674,3348,5.33,10.67,0,8.91,0.00,0.00,0,0,1
11440,1188,1188,5.33,5.33,0,8.91,0.00,0.00,0,0,0
12144,2160,2160,6.58,6.58,0,8.91,0.00,0.00,0,0,0
12272,1188,1188,5.53,5.53,0,8.91,0.00,0.00,0,78,0
12309,2160,2160,5.33,5.33,0,8.91,0.00,0.00,0,0,1
12330,2160,2160,5.53,5.53,0,8.91,0.00,0.00,0,0,0
12399,2160,2160,5.33,5.33,0,8.91,0.00,0.00,0,0,0
12425,1188,1188,5.33,5.33,0,8.91,0.00,0.00,0,3,0
12596,1188,1188,5.33,5.33,0,8.91,0.00,0.00,0,0,0
12623,1620,1620,4.10,4.10,0,8.91,0.70,1134.00,0,129,0
12791,1620,1620,5.33,5.33,0,8.91,0.00,0.00,0,0,0
13115,1080,1080,5.33,5.33,0,8.91,0.99,1069.20,1,7,0
13140,1080,1080,5.33,5.33,0,8.91,0.00,0.00,0,13,0
13161,1890,3780,5.33,10.67,0,8.91,0.00,0.00,0,0,1
13333,1890,3780,5.33,10.67,0,8.91,0.00,0.00,0,0,1
13462,2160,2160,5.33,5.33,0,8.91,0.00,0.00,0,0,0
13811,1620,1620,5.33,5.33,0,8.91,0.04,64.80,0,0,0
13823,2160,2160,5.33,5.33,1,10.00,0.19,410.40,0,51,0
13898,1188,1188,5.95,5.95,0,8.91,0.00,0.00,0,0,0
13977,1188,1188,5.33,5.33,0,8.91,0.09,106.92,0,7,0
14149,2160,2160,5.95,5.95,0,8.91,0.00,0.00,0,163,1
14205,1188,1188,5.33,5.33,0,8.91,0.00,0.00,0,132,1
14233,1188,1188,5.33,5.33,1,7.00,0.00,0.00,0,143,1
14623,1674,3348,5.33,10.67,0,8.91,0.00,0.00,0,0,1
14661,1080,1080,5.77,5.77,0,8.91,0.00,0.00,0,1,0
14727,2160,2160,5.33,5.33,0,8.91,0.00,0.00,0,0,0
15197,2160,2160,5.33,5.33,1,10.00,0.05,108.00,0,0,0
15214,1620,1620,5.33,5.33,1,10.00,0.08,129.60,0,7,0
15305,1656,4968,5.33,16.00,0,8.91,0.00,0.00,0,207,1
15413,1620,1620,5.61,5.61,1,10.00,0.50,810.00,0,28,0
15441,1620,1620,5.95,5.95,0,8.91,0.05,81.00,0,1,0
15450,2160,2160,5.33,5.33,0,8.91,0.00,0.00,0,84,0
15977,1620,1620,5.33,5.33,1,9.00,0.00,0.00,0,44,1
16290,1188,1188,5.33,5.33,0,8.91,0.00,0.00,0,0,0
16352,324,324,6.58,6.58,0,8.91,0.00,0.00,0,0,0
16591,2160,2160,5.33,5.33,0,8.91,0.00,0.00,0,0,0
16640,1080,1080,5.33,5.33,0,8.91,0.00,0.00,0,0,0
16936,2160,2160,5.33,5.33,0,8.91,0.39,842.40,0,32,0
16989,1620,1620,5.33,5.33,0,8.91,0.00,0.00,0,0,0
16992,1188,1188,6.58,6.58,0,8.91,0.03,35.64,0,21,0
17125,1080,1080,5.33,5.33,1,7.00,0.14,151.20,0,23,0
17398,1080,1080,5.33,5.33,0,8.91,0.64,691.20,0,26,0
17706,2160,2160,5.33,5.33,0,8.91,0.00,0.00,0,31,0
18127,1188,1188,5.33,5.33,0,8.91,0.00,0.00,0,82,0
18129,1620,1620,5.33,5.33,0,8.91,0.17,275.40,0,1,0
18678,1188,1188,4.10,4.10,0,8.91,0.00,0.00,0,0,0
18856,1188,1188,5.33,5.33,0,8.91,0.00,0.00,0,0,0
19112,1188,1188,5.33,5.33,0,8.91,0.46,546.48,0,217,0
19175,2160,2160,5.33,5.33,0,8.91,0.00,0.00,0,0,0
19349,2160,2160,5.77,5.77,0,8.91,0.00,0.00,0,0,0
19473,2160,2160,5.33,5.33,0,8.91,0.00,0.00,0,17,0
19638,1620,1620,5.33,5.33,0,8.91,0.00,0.00,0,0,0
19664,2160,2160,5.33,5.33,0,8.91,0.05,108.00,0,19,0
19702,648,648,5.33,5.33,0,8.91,0.09,58.32,0,3,0
19705,324,324,5.33,5.33,0,8.91,0.00,0.00,0,0,0
20274,2160,2160,5.33,5.33,0,8.91,0.19,410.40,0,28,0
20312,1188,1188,5.61,5.61,0,8.91,0.00,0.00,0,0,0
20354,1188,1188,5.33,5.33,0,8.91,0.00,0.00,0,0,0
20709,1620,1620,5.33,5.33,0,8.91,0.00,0.00,0,1,1
20885,2160,2160,5.33,5.33,0,8.91,0.00,0.00,0,0,0
21207,1620,1620,5.33,5.33,1,8.00,0.37,599.40,0,152,0
21638,2160,2160,5.61,5.61,0,8.91,0.03,64.80,0,102,0
21804,2160,2160,5.61,5.61,0,8.91,0.00,0.00,0,136,0
22073,1080,1080,5.33,5.33,0,8.91,0.00,0.00,0,0,0
22085,1620,1620,5.33,5.33,0,8.91,0.00,0.00,0,0,0
22220,1620,1620,5.33,5.33,0,8.91,0.00,0.00,0,0,0
22397,2160,2160,5.33,5.33,0,8.91,0.31,669.60,0,127,0
22499,2160,2160,5.33,5.33,0,8.91,0.29,626.40,0,104,0
22511,2160,2160,5.33,5.33,0,8.91,0.22,475.20,0,106,0
22771,1188,1188,5.33,5.33,1,10.00,0.06,71.28,0,106,0
22929,1620,1620,5.61,5.61,0,8.91,0.00,0.00,0,16,0
23029,1242,2484,5.33,10.66,0,8.91,0.00,0.00,0,196,1
23082,2160,2160,5.33,5.33,0,8.91,0.00,0.00,0,3,1
23158,648,648,4.93,4.93,0,8.91,0.00,0.00,0,0,1
23325,2160,2160,5.33,5.33,0,8.91,0.00,0.00,0,0,0
24252,1674,3348,5.33,10.67,0,8.91,0.00,0.00,0,28,1
24431,1620,1620,5.33,5.33,1,6.00,0.08,129.60,0,7,0
24485,1188,1188,4.93,4.93,0,8.91,0.00,0.00,0,0,0
24752,1188,1188,5.33,5.33,0,8.91,0.00,0.00,0,1,0
24766,324,324,5.33,5.33,0,8.91,0.25,81.00,0,1,0
24995,2160,2160,5.33,5.33,0,8.91,0.00,0.00,0,0,0
25178,1620,1620,5.33,5.33,0,8.91,0.02,32.40,0,13,0
25215,1620,1620,5.33,5.33,0,8.91,0.02,32.40,0,24,0
25436,2160,2160,5.33,5.33,0,8.91,0.68,1468.80,0,13,0
25602,1620,1620,5.33,5.33,0,8.91,0.00,0.00,0,0,0
25625,2160,2160,5.33,5.33,0,8.91,0.02,43.20,0,119,0
25665,1620,1620,5.33,5.33,0,8.91,0.00,0.00,0,0,0
25685,2160,2160,5.33,5.33,0,8.91,0.00,0.00,0,0,0
25692,1224,3672,5.33,16.00,0,8.91,0.00,0.00,0,0,1
25705,1080,1080,5.33,5.33,0,8.91,0.00,0.00,0,0,0
25725,1188,1188,5.33,5.33,0,8.91,0.06,71.28,0,67,0
26133,1620,1620,5.33,5.33,1,10.00,0.35,567.00,0,0,0
26157,648,648,5.33,5.33,0,8.91,0.14,90.72,0,1,0
26195,648,648,5.61,5.61,0,8.91,0.00,0.00,0,88,0
26378,2160,2160,5.33,5.33,0,8.91,0.00,0.00,0,0,0
26657,1620,1620,5.33,5.33,0,8.91,0.00,0.00,0,0,0
26677,1188,1188,5.33,5.33,0,8.91,0.00,0.00,0,0,0
26706,2160,2160,5.33,5.33,0,8.91,0.00,0.00,0,0,0
27337,1620,1620,5.33,5.33,1,10.00,0.99,1603.80,3,135,0
27479,1620,1620,5.33,5.33,1,10.00,0.07,113.40,1,265,0
27495,2160,2160,5.33,5.33,0,8.91,0.25,540.00,0,70,0
27506,1620,1620,5.54,5.54,0,8.91,0.00,0.00,0,49,0
27537,1188,1188,5.61,5.61,0,8.91,0.00,0.00,0,0,0
27672,1620,1620,5.33,5.33,0,8.91,0.00,0.00,0,0,0
27730,1620,1620,5.33,5.33,0,8.91,0.00,0.00,0,0,0
27742,1620,1620,5.33,5.33,0,8.91,0.02,32.40,0,7,0
27752,2160,2160,5.95,5.95,1,7.00,0.03,64.80,0,48,0
28015,2160,2160,5.33,5.33,0,8.91,0.10,216.00,0,194,0
28135,1620,1620,5.95,5.95,1,9.00,0.00,0.00,0,113,1
28604,1188,1188,5.33,5.33,0,8.91,0.00,0.00,0,0,0
28706,1620,1620,5.33,5.33,0,8.91,0.03,48.60,0,239,0
29024,1188,1188,5.61,5.61,0,8.91,0.06,71.28,0,136,0
29070,1620,1620,5.33,5.33,0,8.91,0.21,340.20,0,249,0
29127,1620,1620,5.61,5.61,0,10.00,0.00,0.00,0,136,1
29160,1620,1620,5.33,5.33,0,8.91,0.03,48.60,0,8,0
29181,2160,2160,5.61,5.61,1,6.00,0.03,64.80,0,94,0
29273,1188,1188,5.33,5.33,0,8.91,0.00,0.00,0,0,0
29458,1620,1620,5.33,5.33,0,8.91,0.02,32.40,0,0,0
29754,1620,1620,5.33,5.33,0,8.91,0.23,372.60,0,175,0
29813,1620,1620,5.33,5.33,0,8.91,0.00,0.00,0,5,0
29867,2160,2160,5.33,5.33,0,8.91,0.00,0.00,0,30,0
29877,324,324,5.33,5.33,1,10.00,0.00,0.00,0,0,0
30170,2160,2160,5.33,5.33,0,8.91,0.00,0.00,0,0,0
30515,1620,1620,5.33,5.33,0,8.91,0.00,0.00,0,143,0
30625,1620,1620,5.33,5.33,0,8.91,0.08,129.60,0,5,0
30675,1620,1620,5.33,5.33,0,8.91,0.00,0.00,0,0,0
30741,2160,2160,5.33,5.33,0,8.91,0.00,0.00,0,0,0
31015,648,648,5.33,5.33,1,7.00,0.59,382.32,0,4,0
31082,2160,2160,5.33,5.33,0,8.91,0.00,0.00,0,0,0
31274,1620,1620,5.33,5.33,0,8.91,0.00,0.00,0,49,0
31300,1620,1620,5.33,5.33,0,8.91,0.00,0.00,0,0,0
31615,1188,1188,5.33,5.33,0,8.91,0.00,0.00,0,253,0
31668,1188,1188,5.33,5.33,0,8.91,0.00,0.00,0,0,0
31894,1188,1188,5.33,5.33,0,8.91,0.00,0.00,0,210,1
31925,2160,2160,5.33,5.33,0,8.91,0.99,2138.40,0,103,0
31947,2160,2160,5.33,5.33,0,8.91,0.44,950.40,0,13,0
32315,1620,1620,4.93,4.93,0,8.91,0.02,32.40,0,0,0
32684,1620,1620,5.33,5.33,0,8.91,0.37,599.40,0,4,0
32963,1620,1620,4.93,4.93,1,10.00,0.08,129.60,0,4,0
32967,1188,1188,5.33,5.33,0,8.91,0.06,71.28,0,2,0
33147,1620,1620,4.93,4.93,0,8.91,0.61,988.20,0,59,0
33215,1620,1620,5.33,5.33,0,8.91,0.00,0.00,0,0,0
33419,2160,2160,5.33,5.33,0,8.91,0.00,0.00,0,0,0
33499,2160,2160,4.93,4.93,1,7.00,0.03,64.80,0,116,0
33608,1620,1620,4.93,4.93,1,7.00,0.43,696.60,1,241,0
00285,1620,1620,5.33,5.33,0,8.91,0.05,81.00,0,233,0
00290,2160,2160,5.33,5.33,0,8.91,0.00,0.00,0,32,0
00621,2160,2160,5.33,5.33,0,8.91,0.06,129.60,0,191,0
00758,1188,1188,5.33,5.33,1,9.00,0.53,629.64,0,24,0
00813,1188,1188,5.33,5.33,0,8.91,0.00,0.00,0,30,0
01073,1188,1188,5.33,5.33,0,8.91,0.00,0.00,0,217,1
01316,1620,1620,5.33,5.33,0,8.91,0.00,0.00,0,259,0
01334,1620,1620,5.33,5.33,0,8.91,0.00,0.00,0,38,0
01538,1188,1188,5.33,5.33,0,8.91,0.00,0.00,0,0,0
01820,1620,1620,5.33,5.33,0,8.91,0.00,0.00,0,0,0
01899,2160,2160,5.33,5.33,0,8.91,0.34,734.40,0,135,0
02008,2160,2160,5.61,5.61,0,8.91,0.00,0.00,0,0,0
02068,216,216,5.61,5.61,0,8.91,0.00,0.00,0,0,0
02184,648,648,5.95,5.95,0,8.91,0.00,0.00,0,0,0
02310,1620,1620,5.33,5.33,0,8.91,0.00,0.00,0,0,0
02468,2160,2160,5.50,5.50,0,8.91,0.05,108.00,0,16,0
02491,2160,2160,5.33,5.33,0,8.91,0.00,0.00,0,0,0
02606,1188,1188,5.33,5.33,0,8.91,0.01,11.88,0,2,0
02794,2160,2160,5.33,5.33,0,8.91,0.00,0.00,0,0,0
03036,1620,1620,3.86,3.86,0,8.91,0.17,275.40,0,0,0
03114,1620,1620,5.33,5.33,0,8.91,0.00,0.00,0,0,0
03489,1620,1620,5.33,5.33,0,8.91,0.00,0.00,0,0,0
03601,1620,1620,5.33,5.33,0,8.91,0.07,113.40,0,261,0
03989,1188,1188,5.33,5.33,0,8.91,0.00,0.00,0,0,0
04181,1620,1620,5.33,5.33,0,8.91,0.00,0.00,0,178,0
04183,1620,1620,5.33,5.33,0,8.91,0.00,0.00,0,0,0
04296,2160,2160,5.33,5.33,0,8.91,0.01,21.60,0,11,0
04400,1188,1188,5.95,5.95,0,8.91,0.43,510.84,0,201,0
04492,1188,1188,5.33,5.33,0,8.91,0.00,0.00,0,0,1
04517,2160,2160,5.33,5.33,0,8.91,0.22,475.20,0,264,0
04741,2160,2160,5.33,5.33,0,8.91,0.00,0.00,0,0,0
04759,1674,3348,5.33,10.67,0,8.91,0.00,0.00,0,0,1
04926,2160,2160,5.33,5.33,0,8.91,0.00,0.00,0,0,0
05126,2160,2160,5.33,5.33,0,8.91,0.00,0.00,0,0,0
05337,1620,1620,5.33,5.33,0,8.91,0.37,599.40,0,112,0
05464,648,648,5.33,5.33,0,8.91,0.65,421.20,0,79,0
05730,1620,1620,4.93,4.93,0,8.91,0.04,64.80,0,10,0
06051,2160,2160,5.33,5.33,1,10.00,0.54,1166.40,0,35,0
06173,2160,2160,5.61,5.61,0,8.91,0.00,0.00,0,0,0
06586,2160,2160,5.33,5.33,0,8.91,0.06,129.60,0,259,0
06600,648,648,5.95,5.95,1,8.00,1.00,648.00,0,20,0
06654,1188,1188,5.53,5.53,0,8.91,0.49,582.12,0,20,0
06672,1188,1188,5.33,5.33,0,8.91,0.00,0.00,0,0,0
06741,1620,1620,5.61,5.61,0,8.91,0.00,0.00,0,251,0
06878,486,972,5.33,10.67,1,10.00,0.00,0.00,2,261,1
06943,1188,1188,5.61,5.61,0,8.91,0.00,0.00,0,80,0
07485,1620,1620,5.33,5.33,0,8.91,0.00,0.00,0,0,0
07508,1188,1188,5.33,5.33,1,7.00,0.28,332.64,0,60,0
07520,2160,2160,5.33,5.33,0,8.91,0.00,0.00,0,0,0
07535,1620,1620,5